%YAML:1.0
---
K: !!opencv-matrix
   rows: 3
   cols: 3
   dt: d
   data: [ 9.5574714801562561e+02, 0., 9.2257130342653261e+02, 0.,
       9.5898368283519596e+02, 5.7035042146394869e+02, 0., 0., 1. ]
D: !!opencv-matrix
   rows: 1
   cols: 5
   dt: d
   data: [ 1.5065992571909961e-01, -1.8500961107434885e-01,
       -1.6895883310435594e-03, 4.1785789823993646e-03,
       6.0090884959953947e-02 ]
